1,,, , , , , , , , , , , , , , , , , , , , , , , , , ,
2,a,, , , , , , , , , , , , , , , , , , , , , , , , , ,
3,,, , , , , , , , , , , , , , , , , , , , , , , , , ,
4,,, , , , , , , , , , , , , , , , , , , , , , , , , ,
5, , , , , , , , , , , , , , , , , , , , , , , , , , , ,
6, , , , , , , , , , , , , , , , , , , , , , , , , , , ,
7, ,f, ,, , , d, , , , , , , , , , , , , , , , , , , , ,
8, , , , , , , , , , , , , , , , , , , , , , , , , , , ,
9, , , , , , , , , , , , , , , , , , , , , , , , , , , ,
10, , , , , , , , , , , , , , , , , , , , , , , , , , , ,
11, , , , , , , , , , , , , , , , , , , , , , , , , , , ,
12, , , , , , , , , , , , , , , , , , , , , , , , , , , ,
13, , , , , , , , , , , , , , , , , , , , , , , , , , , ,
14, , , , , , , , , , , , , , , , , , , , , , , , , , , ,
15, , , , , , , , , , , , , , , , , , , , , , , , , , , ,
16, c, , , , , , , , , , , , , , , , , , , , , , , , , , ,
17, , , , , , , , , , , , , , , , , , , , , , , , , , , ,
18, , , , , , , , , , , , , , , , , , , , , , , , , , , ,
19, , , , , , , s, , , , , , , , , , , , , , , , , , , , ,
20, , , , , , , , , , , , , , , , , , , , , , , , , , , ,
21, , , , , , , , , , , , , , , , , , , , , , , , , , , ,
22, , , , , , , , , , , , , , , , , , , , , , , , , , , ,
23, , , , , , , , , , , , , , , , , , , , , , , , , , , ,
24, , , , , , , , , , , , , , , , , , , , , , , , , , , ,
25, , , , , , , , , , , , , , , , , , , , , , , , , , , ,
26, , , , , , , , , , , , , , , , , , , , , , , , , , , ,
27, , , , , , , , , , , , , , , , , , , , , , , , , , , ,
28, , , , , , , , , , , , , , , , , , , , , , , , , , , ,
29, , , , , , , , , , , , , , , , , , , , , , , , , , , ,
30, , , , , , , , , , , , , , , , , , , , , , , , , , , ,
